Starting Dynare (version 6.5).
Calling Dynare with arguments: none
Preprocessing time: 0h00m00s.

STEADY-STATE RESULTS:

c           		 0.713558
h           		 0.259068
k           		 9.8418
x           		 0.246045
y           		 0.959603
w           		 2.3706
r           		 0.035101
p_hat       		 1.40143
z           		 1
g           		 1.15
k_state     		 9.8418
log_y       		 -0.0412359
log_c       		 -0.337492
log_x       		 -1.40224
log_h       		 -1.35067
log_k_state 		 2.28664
log_prod    		 1.30943
log_p_hat   		 0.337492


Residuals of the static equations:
Equation number  1: 1           :       0.000000
Equation number  2: 2           :       0.000000
Equation number  3: 3           :       0.000000
Equation number  4: 4           :       0.000000
Equation number  5: w           :       0.000000
Equation number  6: r           :       0.000000
Equation number  7: y           :       0.000000
Equation number  8: x           :       0.000000
Equation number  9: 9           :       0.000000
Equation number 10: 10          :       0.000000
Equation number 11: k_state     :       0.000000
Equation number 12: log_y       :       0.000000
Equation number 13: log_c       :       0.000000
Equation number 14: log_x       :       0.000000
Equation number 15: log_h       :       0.000000
Equation number 16: log_k_state :       0.000000
Equation number 17: log_prod    :       0.000000
Equation number 18: log_p_hat   :       0.000000



EIGENVALUES:
         Modulus             Real        Imaginary
            0.48             0.48                0
          0.9418           0.9418                0
            0.95             0.95                0
           1.073            1.073                0
       1.391e+15       -1.391e+15                0
       6.587e+16        6.587e+16                0
             Inf              Inf                0
             Inf              Inf                0

There are 5 eigenvalue(s) larger than 1 in modulus for 5 forward-looking variable(s)
The rank condition is verified.


MODEL SUMMARY

  Number of variables:         18
  Number of stochastic shocks: 2
  Number of state variables:   3
  Number of jumpers:           5
  Number of static variables:  11


MATRIX OF COVARIANCE OF EXOGENOUS SHOCKS
Variables     epsilon        xi
epsilon      0.000052  0.000000
xi           0.000000  0.000081

POLICY AND TRANSITION FUNCTIONS
                                       c               h               k               x               y               w               r           p_hat               z               g         k_state           log_y           log_c           log_x           log_h     log_k_state        log_prod       log_p_hat
Constant                        0.713561        0.259094        9.841854        0.246103        0.959664        2.370513        0.035103        1.401422        1.000000        1.150000        9.841796       -0.041172       -0.337487       -1.402006       -1.350565        2.286638        1.309393        0.337487
(correction)                    0.000003        0.000026        0.000058        0.000058        0.000061       -0.000085        0.000002       -0.000006               0               0               0        0.000064        0.000005        0.000236        0.000100               0       -0.000036       -0.000005
k(-1)                           0.038542       -0.012547        0.941817       -0.033183        0.005358        0.128044       -0.003371       -0.075696               0               0        1.000000        0.005584        0.054013       -0.134867       -0.048429        0.101607        0.054013       -0.054013
z(-1)                           0.318790        0.362148        1.451339        1.451339        1.770129        1.059090        0.064749       -0.626103        0.950000               0               0        1.844648        0.446761        5.898676        1.397887               0        0.446761       -0.446761
g(-1)                          -0.133660       -0.009379        0.111428        0.111428       -0.022233        0.030895       -0.000813        0.262509               0        0.480000               0       -0.023169       -0.187315        0.452875       -0.036201               0        0.013032        0.187315
epsilon                         0.335568        0.381208        1.527725        1.527725        1.863293        1.114832        0.068157       -0.659056        1.000000               0               0        1.941734        0.470274        6.209133        1.471460               0        0.470274       -0.470274
xi                             -0.320228       -0.022469        0.266962        0.266962       -0.053266        0.074018       -0.001948        0.628928               0        1.150000               0       -0.055508       -0.448777        1.085014       -0.086732               0        0.031223        0.448777
k(-1),k(-1)                    -0.000699        0.000721       -0.000081       -0.000081       -0.000780       -0.002321        0.000314        0.005461               0               0               0       -0.000828       -0.002438       -0.009425        0.001609       -0.005162       -0.002438        0.002438
z(-1),k(-1)                     0.007377       -0.007613        0.026035        0.026035        0.033413        0.024509       -0.005357        0.053146               0               0               0        0.024519       -0.013792        0.901352        0.038311               0       -0.013792        0.013792
z(-1),z(-1)                    -0.008065       -0.008754        0.564087        0.564087        0.556022       -0.026794        0.020339        0.295558       -0.023750               0               0       -1.121933       -0.111100      -15.104569       -1.010832               0       -0.111100        0.111100
g(-1),k(-1)                    -0.007439        0.000675        0.007839        0.007839        0.000400        0.000940        0.000097       -0.013748               0               0               0        0.000547       -0.000307        0.092939        0.000854               0       -0.000307        0.000307
g(-1),z(-1)                    -0.060108       -0.012713        0.020039        0.020039       -0.040069        0.012493       -0.001466       -0.116505               0               0               0        0.000982       -0.000552       -2.589920        0.001534               0       -0.000552        0.000552
g(-1),g(-1)                     0.070024        0.004860       -0.058649       -0.058649        0.011375       -0.015248        0.000416       -0.088356               0       -0.108522               0        0.011586        0.080591       -0.340915        0.018103               0       -0.006517       -0.080591
epsilon,epsilon                 0.167678        0.190937        1.429094        1.429094        1.596772        0.557064        0.058408       -0.019383        0.500000               0               0       -0.221173        0.124410      -13.468400       -0.345583               0        0.124410       -0.124410
xi,epsilon                     -0.151589       -0.032061        0.050537        0.050537       -0.101052        0.031507       -0.003696       -0.293817               0               0               0        0.002476       -0.001393       -6.531598        0.003869               0       -0.001393        0.001393
xi,xi                           0.068371        0.004489       -0.058561       -0.058561        0.009810       -0.010422        0.000359        0.147968               0        0.575000               0        0.008682       -0.004884       -0.826636        0.013566               0       -0.004884        0.004884
k(-1),epsilon                   0.007766       -0.008014        0.027406        0.027406        0.035171        0.025799       -0.005639        0.055944               0               0               0        0.025810       -0.014518        0.948792        0.040328               0       -0.014518        0.014518
k(-1),xi                       -0.017822        0.001618        0.018781        0.018781        0.000959        0.002252        0.000233       -0.032938               0               0               0        0.001309       -0.000737        0.222665        0.002046               0       -0.000737        0.000737
z(-1),epsilon                   0.318589        0.362779        2.715278        2.715278        3.033867        1.058422        0.110975       -0.036828        0.950000               0               0       -0.420229        0.236379      -25.589960       -0.656608               0        0.236379       -0.236379
z(-1),xi                       -0.144009       -0.030457        0.048010        0.048010       -0.096000        0.029932       -0.003512       -0.279126               0               0               0        0.002352       -0.001323       -6.205018        0.003675               0       -0.001323        0.001323
g(-1),epsilon                  -0.063272       -0.013382        0.021094        0.021094       -0.042178        0.013151       -0.001543       -0.122637               0               0               0        0.001034       -0.000581       -2.726232        0.001615               0       -0.000581        0.000581
g(-1),xi                        0.057075        0.003747       -0.048886       -0.048886        0.008189       -0.008700        0.000300        0.123521               0        0.480000               0        0.007248       -0.004077       -0.690061        0.011325               0       -0.004077        0.004077


MOMENTS OF SIMULATED VARIABLES (HP filter, lambda = 1600)
VARIABLE                 MEAN       STD. DEV.        VARIANCE        SKEWNESS        KURTOSIS
c                    0.700547        0.002418        0.000006       -0.384441       -0.708477
h                    0.269784        0.002942        0.000009       -0.112091       -0.990633
k                    9.441975        0.029006        0.000841        1.144037        0.678260
x                    0.280922        0.011849        0.000140       -0.133507       -1.080245
y                    0.981469        0.011629        0.000135        0.117501       -1.181132
w                    2.327164        0.004176        0.000017        0.264496       -1.245000
r                    0.037585        0.000595        0.000000       -0.199211       -0.927076
p_hat                1.428136        0.004691        0.000022        0.487941       -0.761942
z                    1.012872        0.006633        0.000044        0.045846       -1.131978
g                    1.149962        0.007776        0.000060       -0.205179       -1.054596
k_state              9.395952        0.039866        0.001589        1.022286        0.228193
log_y               -0.019706        0.012657        0.000160        0.043425       -1.101973
log_c               -0.356137        0.003363        0.000011       -0.436954       -0.733136
log_x               -1.276949        0.048056        0.002309       -0.284203       -0.830456
log_h               -1.310422        0.011200        0.000125       -0.141126       -0.938833
log_k_state          2.240077        0.004110        0.000017        1.049793        0.379527
log_prod             1.290715        0.001847        0.000003        0.331648       -1.251873
log_p_hat            0.356137        0.003363        0.000011        0.436954       -0.733136


CORRELATION OF SIMULATED VARIABLES (HP filter, lambda = 1600)
VARIABLE                 c            h            k            x            y            w            r        p_hat            z            g      k_state        log_y        log_c        log_x        log_h  log_k_state     log_prod    log_p_hat
c                   1.0000      -0.0675       0.4994      -0.1923       0.0120       0.3673      -0.1176      -0.9938      -0.0403      -0.8567       0.4313      -0.0260       0.9985      -0.2359      -0.0808       0.4296       0.3119      -0.9985
h                  -0.0675       1.0000      -0.7679       0.9871       0.9918       0.7045       0.9986      -0.0128       0.9960       0.4655      -0.8740       0.9969      -0.0277       0.9839       0.9998      -0.8760       0.7693       0.0277
k                   0.4994      -0.7679       1.0000      -0.7696      -0.6804      -0.0915      -0.7965      -0.4218      -0.7139      -0.5850       0.9809      -0.7165       0.4616      -0.8179      -0.7787       0.9792      -0.1884      -0.4616
x                  -0.1923       0.9871      -0.7696       1.0000       0.9790       0.6995       0.9906       0.1163       0.9881       0.5945      -0.8792       0.9853      -0.1548       0.9952       0.9874      -0.8813       0.7647       0.1548
y                   0.0120       0.9918      -0.6804       0.9790       1.0000       0.7891       0.9849      -0.0881       0.9985       0.4276      -0.8062       0.9985       0.0499       0.9650       0.9893      -0.8087       0.8440      -0.0499
w                   0.3673       0.7045      -0.0915       0.6995       0.7891       1.0000       0.6737      -0.4045       0.7618       0.1646      -0.2815       0.7578       0.3863       0.6394       0.6924      -0.2862       0.9944      -0.3863
r                  -0.1176       0.9986      -0.7965       0.9906       0.9849       0.6737       1.0000       0.0367       0.9920       0.5016      -0.8964       0.9924      -0.0775       0.9905       0.9992      -0.8981       0.7419       0.0775
p_hat              -0.9938      -0.0128      -0.4218       0.1163      -0.0881      -0.4045       0.0367       1.0000      -0.0369       0.8303      -0.3503      -0.0518      -0.9984       0.1599       0.0005      -0.3505      -0.3584       0.9984
z                  -0.0403       0.9960      -0.7139       0.9881       0.9985       0.7618       0.9920      -0.0369       1.0000       0.4680      -0.8340       0.9997      -0.0019       0.9778       0.9945      -0.8363       0.8206       0.0019
g                  -0.8567       0.4655      -0.5850       0.5945       0.4276       0.1646       0.5016       0.8303       0.4680       1.0000      -0.6178       0.4508      -0.8449       0.6085       0.4731      -0.6189       0.2204       0.8449
k_state             0.4313      -0.8740       0.9809      -0.8792      -0.8062      -0.2815      -0.8964      -0.3503      -0.8340      -0.6178       1.0000      -0.8350       0.3916      -0.9137      -0.8821       0.9994      -0.3737      -0.3916
log_y              -0.0260       0.9969      -0.7165       0.9853       0.9985       0.7578       0.9924      -0.0518       0.9997       0.4508      -0.8350       1.0000       0.0127       0.9761       0.9955      -0.8374       0.8169      -0.0127
log_c               0.9985      -0.0277       0.4616      -0.1548       0.0499       0.3863      -0.0775      -0.9984      -0.0019      -0.8449       0.3916       0.0127       1.0000      -0.1985      -0.0410       0.3909       0.3355      -1.0000
log_x              -0.2359       0.9839      -0.8179       0.9952       0.9650       0.6394       0.9905       0.1599       0.9778       0.6085      -0.9137       0.9761      -0.1985       1.0000       0.9861      -0.9167       0.7096       0.1985
log_h              -0.0808       0.9998      -0.7787       0.9874       0.9893       0.6924       0.9992       0.0005       0.9945       0.4731      -0.8821       0.9955      -0.0410       0.9861       1.0000      -0.8843       0.7584       0.0410
log_k_state         0.4296      -0.8760       0.9792      -0.8813      -0.8087      -0.2862      -0.8981      -0.3505      -0.8363      -0.6189       0.9994      -0.8374       0.3909      -0.9167      -0.8843       1.0000      -0.3770      -0.3909
log_prod            0.3119       0.7693      -0.1884       0.7647       0.8440       0.9944       0.7419      -0.3584       0.8206       0.2204      -0.3737       0.8169       0.3355       0.7096       0.7584      -0.3770       1.0000      -0.3355
log_p_hat          -0.9985       0.0277      -0.4616       0.1548      -0.0499      -0.3863       0.0775       0.9984       0.0019       0.8449      -0.3916      -0.0127      -1.0000       0.1985       0.0410      -0.3909      -0.3355       1.0000


AUTOCORRELATION OF SIMULATED VARIABLES (HP filter, lambda = 1600)
VARIABLE             1        2        3        4        5
c               0.0771  -0.2639  -0.1068  -0.1126   0.0998
h               0.4389   0.1118   0.3490   0.4924  -0.1752
k               0.9637   0.9416   0.8649   0.0320  -0.3975
x               0.4281   0.1352   0.4122   0.3979  -0.2392
y               0.2683  -0.1419   0.2576   0.5675  -0.1371
w              -0.1281  -0.6861   0.0818   0.6693  -0.1324
r               0.5055   0.2149   0.3973   0.4511  -0.2043
p_hat          -0.0160  -0.3160  -0.0678  -0.0752   0.1623
z               0.3335  -0.0426   0.3028   0.5271  -0.1665
g               0.0462  -0.0492   0.1674  -0.3972  -0.0019
k_state         0.9830   1.0459   0.9254   0.0892  -0.3659
log_y           0.3438  -0.0270   0.3002   0.5291  -0.1584
log_c           0.0300  -0.2913  -0.0878  -0.0935   0.1327
log_x           0.5672   0.3624   0.4929   0.3215  -0.2630
log_h           0.4659   0.1580   0.3684   0.4766  -0.1843
log_k_state     0.9757   1.0341   0.9425   0.1086  -0.3666
log_prod       -0.1112  -0.6699   0.0945   0.6880  -0.1116
log_p_hat       0.0300  -0.2913  -0.0878  -0.0935   0.1327



VARIANCE DECOMPOSITION SIMULATING ONE SHOCK AT A TIME (in percent) (HP filter, lambda = 1600)
                        epsilon                xi  Tot. lin. contr.
c                        231.13             65.51            296.64
h                        164.71              0.19            164.90
k                        349.49              0.37            349.86
x                        165.59              1.90            167.49
y                        242.57              0.08            242.64
w                        854.93              0.95            855.87
r                        133.96              0.03            133.99
p_hat                    214.41             67.18            281.59
z                        208.63              0.00            208.63
g                          0.00             79.55             79.55
k_state                  206.31              0.19            206.51
log_y                    209.36              0.07            209.43
log_c                    223.43             66.54            289.97
log_x                    152.92              1.90            154.82
log_h                    167.83              0.19            168.02
log_k_state              184.91              0.19            185.10
log_prod                 740.90              0.86            741.76
log_p_hat                223.43             66.54            289.97
Note: numbers do not add up to 100 due to i) non-zero correlation of simulated shocks in small samples and ii) nonlinearity

Total computing time : 0h00m04s
Note: warning(s) encountered in MATLAB/Octave code
