Starting Dynare (version 6.5).
Calling Dynare with arguments: none
Preprocessing time: 0h00m03s.
warning: using the gnuplot graphics toolkit is discouraged

The gnuplot graphics toolkit is not actively maintained and has a number
of limitations that are unlikely to be fixed.  Communication with gnuplot
uses a one-directional pipe and limited information is passed back to the
Octave interpreter so most changes made interactively in the plot window
will not be reflected in the graphics properties managed by Octave.  For
example, if the plot window is closed with a mouse click, Octave will not
be notified and will not update its internal list of open figure windows.
The qt toolkit is recommended instead.

STEADY-STATE RESULTS:

c           		 0.808465
h           		 0.293525
k           		 11.1508
x           		 0.27877
y           		 1.08723
w           		 2.3706
r           		 0.035101
p_hat       		 1.23691
z           		 1
g           		 1.015
k_state     		 11.1508
log_y       		 0.0836374
log_c       		 -0.212618
log_x       		 -1.27737
log_h       		 -1.22579
log_k_state 		 2.41151
log_prod    		 1.30943
log_p_hat   		 0.212618


Residuals of the static equations:
Equation number  1: 1           :       0.000000
Equation number  2: 2           :       0.000000
Equation number  3: 3           :       0.000000
Equation number  4: 4           :       0.000000
Equation number  5: w           :       0.000000
Equation number  6: r           :       0.000000
Equation number  7: y           :       0.000000
Equation number  8: x           :       0.000000
Equation number  9: 9           :       0.000000
Equation number 10: 10          :       0.000000
Equation number 11: k_state     :       0.000000
Equation number 12: log_y       :       0.000000
Equation number 13: log_c       :       0.000000
Equation number 14: log_x       :       0.000000
Equation number 15: log_h       :       0.000000
Equation number 16: log_k_state :       0.000000
Equation number 17: log_prod    :       0.000000
Equation number 18: log_p_hat   :       0.000000



EIGENVALUES:
         Modulus             Real        Imaginary
            0.48             0.48                0
          0.9418           0.9418                0
            0.95             0.95                0
           1.073            1.073                0
       1.389e+18        1.389e+18                0
             Inf             -Inf                0
             Inf              Inf                0
             Inf             -Inf                0

There are 5 eigenvalue(s) larger than 1 in modulus for 5 forward-looking variable(s)
The rank condition is verified.


MODEL SUMMARY

  Number of variables:         18
  Number of stochastic shocks: 2
  Number of state variables:   3
  Number of jumpers:           5
  Number of static variables:  11


MATRIX OF COVARIANCE OF EXOGENOUS SHOCKS
Variables     epsilon        xi
epsilon      0.000052  0.000000
xi           0.000000  0.000081

POLICY AND TRANSITION FUNCTIONS
                                   c               h               k               x               y               w               r           p_hat               z               g         k_state           log_y           log_c           log_x           log_h     log_k_state        log_prod       log_p_hat
Constant                    0.808465        0.293525       11.150803        0.278770        1.087235        2.370598        0.035101        1.236913        1.000000        1.015000       11.150803        0.083637       -0.212618       -1.277368       -1.225792        2.411512        1.309429        0.212618
k(-1)                       0.038542       -0.012547        0.941817       -0.033183        0.005358        0.113013       -0.002975       -0.058967               0               0        1.000000        0.004928        0.047673       -0.119035       -0.042744        0.089680        0.047673       -0.047673
z(-1)                       0.361190        0.410315        1.644374        1.644374        2.005565        1.059090        0.064749       -0.552604        0.950000               0               0        1.844648        0.446761        5.898676        1.397887               0        0.446761       -0.446761
g(-1)                      -0.171580       -0.012039        0.143040        0.143040       -0.028540        0.035004       -0.000921        0.262509               0        0.480000               0       -0.026250       -0.212229        0.513110       -0.041016               0        0.014766        0.212229
epsilon                     0.380200        0.431911        1.730920        1.730920        2.111121        1.114832        0.068157       -0.581688        1.000000               0               0        1.941734        0.470274        6.209133        1.471460               0        0.470274       -0.470274
xi                         -0.362820       -0.025458        0.302469        0.302469       -0.060351        0.074018       -0.001948        0.555097               0        1.015000               0       -0.055508       -0.448777        1.085014       -0.086732               0        0.031223        0.448777


MOMENTS OF SIMULATED VARIABLES (HP filter, lambda = 1600)
VARIABLE                 MEAN       STD. DEV.        VARIANCE        SKEWNESS        KURTOSIS
c                    0.817769        0.002548        0.000006        0.356290        0.434546
h                    0.291848        0.002676        0.000007       -0.209212       -0.996141
k                   11.332989        0.014719        0.000217       -0.157094       -1.272031
x                    0.273831        0.010833        0.000117       -0.151292       -1.175691
y                    1.091599        0.012732        0.000162       -0.223976       -1.027610
w                    2.393656        0.006437        0.000041       -0.201791       -1.016970
r                    0.034638        0.000429        0.000000       -0.201697       -1.032468
p_hat                1.222678        0.003898        0.000015       -0.356290        0.434546
z                    1.001474        0.006053        0.000037       -0.216861       -1.053713
g                    1.011232        0.004536        0.000021       -0.936158        0.630607
k_state             11.342726        0.014812        0.000219       -0.040303       -1.195777
log_y                0.087652        0.011711        0.000137       -0.223976       -1.027610
log_c               -0.201110        0.003152        0.000010        0.356290        0.434546
log_x               -1.295087        0.038859        0.001510       -0.151292       -1.175691
log_h               -1.231504        0.009118        0.000083       -0.209212       -0.996141
log_k_state          2.428723        0.001328        0.000002       -0.040303       -1.195777
log_prod             1.319156        0.002715        0.000007       -0.201791       -1.016970
log_p_hat            0.201110        0.003152        0.000010       -0.356290        0.434546


CORRELATION OF SIMULATED VARIABLES (HP filter, lambda = 1600)
VARIABLE                 c            h            k            x            y            w            r        p_hat            z            g      k_state        log_y        log_c        log_x        log_h  log_k_state     log_prod    log_p_hat
c                   1.0000       0.7934       0.3406       0.6932       0.7899       0.7423       0.7760      -1.0000       0.7770      -0.5297      -0.1728       0.7899       1.0000       0.6932       0.7934      -0.1728       0.7423      -1.0000
h                   0.7934       1.0000       0.3309       0.9851       0.9969       0.9414       0.9994      -0.7934       0.9964       0.0260      -0.4016       0.9969       0.7934       0.9851       1.0000      -0.4016       0.9414      -0.7934
k                   0.3406       0.3309       1.0000       0.3933       0.4028       0.6258       0.3074      -0.3406       0.4030       0.2918       0.7242       0.4028       0.3406       0.3933       0.3309       0.7242       0.6258      -0.3406
x                   0.6932       0.9851       0.3933       1.0000       0.9895       0.9595       0.9866      -0.6932       0.9923       0.1961      -0.3492       0.9895       0.6932       1.0000       0.9851      -0.3492       0.9595      -0.6932
y                   0.7899       0.9969       0.4028       0.9895       1.0000       0.9649       0.9947      -0.7899       0.9998       0.0608      -0.3317       1.0000       0.7899       0.9895       0.9969      -0.3317       0.9649      -0.7899
w                   0.7423       0.9414       0.6258       0.9595       0.9649       1.0000       0.9339      -0.7423       0.9657       0.1752      -0.0819       0.9649       0.7423       0.9595       0.9414      -0.0819       1.0000      -0.7423
r                   0.7760       0.9994       0.3074       0.9866       0.9947       0.9339       1.0000      -0.7760       0.9947       0.0420      -0.4267       0.9947       0.7760       0.9866       0.9994      -0.4267       0.9339      -0.7760
p_hat              -1.0000      -0.7934      -0.3406      -0.6932      -0.7899      -0.7423      -0.7760       1.0000      -0.7770       0.5297       0.1728      -0.7899      -1.0000      -0.6932      -0.7934       0.1728      -0.7423       1.0000
z                   0.7770       0.9964       0.4030       0.9923       0.9998       0.9657       0.9947      -0.7770       1.0000       0.0808      -0.3336       0.9998       0.7770       0.9923       0.9964      -0.3336       0.9657      -0.7770
g                  -0.5297       0.0260       0.2918       0.1961       0.0608       0.1752       0.0420       0.5297       0.0808       1.0000       0.1503       0.0608      -0.5297       0.1961       0.0260       0.1503       0.1752       0.5297
k_state            -0.1728      -0.4016       0.7242      -0.3492      -0.3317      -0.0819      -0.4267       0.1728      -0.3336       0.1503       1.0000      -0.3317      -0.1728      -0.3492      -0.4016       1.0000      -0.0819       0.1728
log_y               0.7899       0.9969       0.4028       0.9895       1.0000       0.9649       0.9947      -0.7899       0.9998       0.0608      -0.3317       1.0000       0.7899       0.9895       0.9969      -0.3317       0.9649      -0.7899
log_c               1.0000       0.7934       0.3406       0.6932       0.7899       0.7423       0.7760      -1.0000       0.7770      -0.5297      -0.1728       0.7899       1.0000       0.6932       0.7934      -0.1728       0.7423      -1.0000
log_x               0.6932       0.9851       0.3933       1.0000       0.9895       0.9595       0.9866      -0.6932       0.9923       0.1961      -0.3492       0.9895       0.6932       1.0000       0.9851      -0.3492       0.9595      -0.6932
log_h               0.7934       1.0000       0.3309       0.9851       0.9969       0.9414       0.9994      -0.7934       0.9964       0.0260      -0.4016       0.9969       0.7934       0.9851       1.0000      -0.4016       0.9414      -0.7934
log_k_state        -0.1728      -0.4016       0.7242      -0.3492      -0.3317      -0.0819      -0.4267       0.1728      -0.3336       0.1503       1.0000      -0.3317      -0.1728      -0.3492      -0.4016       1.0000      -0.0819       0.1728
log_prod            0.7423       0.9414       0.6258       0.9595       0.9649       1.0000       0.9339      -0.7423       0.9657       0.1752      -0.0819       0.9649       0.7423       0.9595       0.9414      -0.0819       1.0000      -0.7423
log_p_hat          -1.0000      -0.7934      -0.3406      -0.6932      -0.7899      -0.7423      -0.7760       1.0000      -0.7770       0.5297       0.1728      -0.7899      -1.0000      -0.6932      -0.7934       0.1728      -0.7423       1.0000


AUTOCORRELATION OF SIMULATED VARIABLES (HP filter, lambda = 1600)
VARIABLE             1        2        3        4        5
c               0.2843   0.1693  -0.0579  -0.1745  -0.1603
h               0.4072   0.4918   0.2352  -0.2925  -0.3180
k               0.7164   0.2929  -0.1684  -0.4638  -0.5491
x               0.3393   0.4441   0.2011  -0.3147  -0.2835
y               0.4132   0.4917   0.2089  -0.2972  -0.3009
w               0.4541   0.4745   0.1008  -0.3314  -0.2838
r               0.3935   0.4844   0.2424  -0.2944  -0.3215
p_hat           0.2843   0.1693  -0.0579  -0.1745  -0.1603
z               0.4038   0.4866   0.2089  -0.3001  -0.2991
g              -0.1262  -0.0779  -0.1406  -0.3401   0.0216
k_state         0.6065   0.2412  -0.0527  -0.4214  -0.6865
log_y           0.4132   0.4917   0.2089  -0.2972  -0.3009
log_c           0.2843   0.1693  -0.0579  -0.1745  -0.1603
log_x           0.3393   0.4441   0.2011  -0.3147  -0.2835
log_h           0.4072   0.4918   0.2352  -0.2925  -0.3180
log_k_state     0.6065   0.2412  -0.0527  -0.4214  -0.6865
log_prod        0.4541   0.4745   0.1008  -0.3314  -0.2838
log_p_hat       0.2843   0.1693  -0.0579  -0.1745  -0.1603



VARIANCE DECOMPOSITION SIMULATING ONE SHOCK AT A TIME (in percent) (HP filter, lambda = 1600)
                        epsilon                xi  Tot. lin. contr.
c                        126.40            164.90            291.29
h                        144.06              0.78            144.84
k                        215.24              8.96            224.19
x                        140.40              6.34            146.74
y                        149.88              0.18            150.07
w                        170.29              1.52            171.81
r                        141.35              0.24            141.59
p_hat                    126.40            164.90            291.29
z                        148.92              0.00            148.92
g                          0.00            407.94            407.94
k_state                  168.75              5.76            174.50
log_y                    149.88              0.18            150.07
log_c                    126.40            164.90            291.29
log_x                    140.40              6.34            146.74
log_h                    144.06              0.78            144.84
log_k_state              168.75              5.76            174.50
log_prod                 170.29              1.52            171.81
log_p_hat                126.40            164.90            291.29
Note: numbers do not add up to 100 due to non-zero correlation of simulated shocks in small samples

SUCCESS: Steady-state values exported to csv
Total computing time : 0h01m47s
Note: warning(s) encountered in MATLAB/Octave code
Starting Dynare (version 6.5).
Calling Dynare with arguments: none
Preprocessing time: 0h00m02s.

STEADY-STATE RESULTS:

c           		 0.808465
h           		 0.293525
k           		 11.1508
x           		 0.27877
y           		 1.08723
w           		 2.3706
r           		 0.035101
p_hat       		 1.23691
z           		 1
g           		 1.015
k_state     		 11.1508
log_y       		 0.0836374
log_c       		 -0.212618
log_x       		 -1.27737
log_h       		 -1.22579
log_k_state 		 2.41151
log_prod    		 1.30943
log_p_hat   		 0.212618


Residuals of the static equations:
Equation number  1: 1           :       0.000000
Equation number  2: 2           :       0.000000
Equation number  3: 3           :       0.000000
Equation number  4: 4           :       0.000000
Equation number  5: w           :       0.000000
Equation number  6: r           :       0.000000
Equation number  7: y           :       0.000000
Equation number  8: x           :       0.000000
Equation number  9: 9           :       0.000000
Equation number 10: 10          :       0.000000
Equation number 11: k_state     :       0.000000
Equation number 12: log_y       :       0.000000
Equation number 13: log_c       :       0.000000
Equation number 14: log_x       :       0.000000
Equation number 15: log_h       :       0.000000
Equation number 16: log_k_state :       0.000000
Equation number 17: log_prod    :       0.000000
Equation number 18: log_p_hat   :       0.000000



EIGENVALUES:
         Modulus             Real        Imaginary
            0.48             0.48                0
          0.9418           0.9418                0
            0.95             0.95                0
           1.073            1.073                0
       1.389e+18        1.389e+18                0
             Inf             -Inf                0
             Inf              Inf                0
             Inf             -Inf                0

There are 5 eigenvalue(s) larger than 1 in modulus for 5 forward-looking variable(s)
The rank condition is verified.


MODEL SUMMARY

  Number of variables:         18
  Number of stochastic shocks: 2
  Number of state variables:   3
  Number of jumpers:           5
  Number of static variables:  11


MATRIX OF COVARIANCE OF EXOGENOUS SHOCKS
Variables     epsilon        xi
epsilon      0.000052  0.000000
xi           0.000000  0.000081

POLICY AND TRANSITION FUNCTIONS
                                   c               h               k               x               y               w               r           p_hat               z               g         k_state           log_y           log_c           log_x           log_h     log_k_state        log_prod       log_p_hat
Constant                    0.808465        0.293525       11.150803        0.278770        1.087235        2.370598        0.035101        1.236913        1.000000        1.015000       11.150803        0.083637       -0.212618       -1.277368       -1.225792        2.411512        1.309429        0.212618
k(-1)                       0.038542       -0.012547        0.941817       -0.033183        0.005358        0.113013       -0.002975       -0.058967               0               0        1.000000        0.004928        0.047673       -0.119035       -0.042744        0.089680        0.047673       -0.047673
z(-1)                       0.361190        0.410315        1.644374        1.644374        2.005565        1.059090        0.064749       -0.552604        0.950000               0               0        1.844648        0.446761        5.898676        1.397887               0        0.446761       -0.446761
g(-1)                      -0.171580       -0.012039        0.143040        0.143040       -0.028540        0.035004       -0.000921        0.262509               0        0.480000               0       -0.026250       -0.212229        0.513110       -0.041016               0        0.014766        0.212229
epsilon                     0.380200        0.431911        1.730920        1.730920        2.111121        1.114832        0.068157       -0.581688        1.000000               0               0        1.941734        0.470274        6.209133        1.471460               0        0.470274       -0.470274
xi                         -0.362820       -0.025458        0.302469        0.302469       -0.060351        0.074018       -0.001948        0.555097               0        1.015000               0       -0.055508       -0.448777        1.085014       -0.086732               0        0.031223        0.448777


MOMENTS OF SIMULATED VARIABLES (HP filter, lambda = 1600)
VARIABLE                 MEAN       STD. DEV.        VARIANCE        SKEWNESS        KURTOSIS
c                    0.792644        0.002700        0.000007       -0.435311       -0.730477
h                    0.305644        0.003323        0.000011       -0.132605       -0.955638
k                   10.668992        0.031419        0.000987        1.221047        0.978291
x                    0.318172        0.014122        0.000199       -0.196975       -1.001460
y                    1.110816        0.013889        0.000193        0.043921       -1.106908
w                    2.324143        0.004315        0.000019        0.341710       -1.235636
r                    0.037545        0.000571        0.000000       -0.221417       -0.879860
p_hat                1.261117        0.004131        0.000017        0.435311       -0.730477
z                    1.012525        0.006764        0.000046        0.009945       -1.090944
g                    1.014941        0.006869        0.000047       -0.215562       -1.059865
k_state             10.616225        0.044569        0.001986        1.056303        0.395708
log_y                0.105327        0.012775        0.000163        0.043921       -1.106908
log_c               -0.232187        0.003340        0.000011       -0.435311       -0.730477
log_x               -1.136025        0.050660        0.002566       -0.196975       -1.001460
log_h               -1.184506        0.011323        0.000128       -0.132605       -0.955638
log_k_state          2.363571        0.003997        0.000016        1.056303        0.395708
log_prod             1.289833        0.001820        0.000003        0.341710       -1.235636
log_p_hat            0.232187        0.003340        0.000011        0.435311       -0.730477


CORRELATION OF SIMULATED VARIABLES (HP filter, lambda = 1600)
VARIABLE                 c            h            k            x            y            w            r        p_hat            z            g      k_state        log_y        log_c        log_x        log_h  log_k_state     log_prod    log_p_hat
c                   1.0000      -0.0405       0.4602      -0.1813       0.0100       0.3220      -0.0884      -1.0000      -0.0210      -0.8477       0.3916       0.0100       1.0000      -0.1813      -0.0405       0.3916       0.3220      -1.0000
h                  -0.0405       1.0000      -0.7747       0.9871       0.9958       0.7686       0.9987       0.0405       0.9968       0.4723      -0.8809       0.9958      -0.0405       0.9871       1.0000      -0.8809       0.7686       0.0405
k                   0.4602      -0.7747       1.0000      -0.7907      -0.7146      -0.1961      -0.8021      -0.4602      -0.7281      -0.5830       0.9800      -0.7146       0.4602      -0.7907      -0.7747       0.9800      -0.1961      -0.4602
x                  -0.1813       0.9871      -0.7907       1.0000       0.9816       0.7485       0.9914       0.1813       0.9870       0.6059      -0.8967       0.9816      -0.1813       1.0000       0.9871      -0.8967       0.7485       0.1813
y                   0.0100       0.9958      -0.7146       0.9816       1.0000       0.8237       0.9908      -0.0100       0.9995       0.4512      -0.8357       1.0000       0.0100       0.9816       0.9958      -0.8357       0.8237      -0.0100
w                   0.3220       0.7686      -0.1961       0.7485       0.8237       1.0000       0.7416      -0.3220       0.8142       0.2293      -0.3851       0.8237       0.3220       0.7485       0.7686      -0.3851       1.0000      -0.3220
r                  -0.0884       0.9987      -0.8021       0.9914       0.9908       0.7416       1.0000       0.0884       0.9933       0.5064      -0.9021       0.9908      -0.0884       0.9914       0.9987      -0.9021       0.7416       0.0884
p_hat              -1.0000       0.0405      -0.4602       0.1813      -0.0100      -0.3220       0.0884       1.0000       0.0210       0.8477      -0.3916      -0.0100      -1.0000       0.1813       0.0405      -0.3916      -0.3220       1.0000
z                  -0.0210       0.9968      -0.7281       0.9870       0.9995       0.8142       0.9933       0.0210       1.0000       0.4778      -0.8472       0.9995      -0.0210       0.9870       0.9968      -0.8472       0.8142       0.0210
g                  -0.8477       0.4723      -0.5830       0.6059       0.4512       0.2293       0.5064       0.8477       0.4778       1.0000      -0.6184       0.4512      -0.8477       0.6059       0.4723      -0.6184       0.2293       0.8477
k_state             0.3916      -0.8809       0.9800      -0.8967      -0.8357      -0.3851      -0.9021      -0.3916      -0.8472      -0.6184       1.0000      -0.8357       0.3916      -0.8967      -0.8809       1.0000      -0.3851      -0.3916
log_y               0.0100       0.9958      -0.7146       0.9816       1.0000       0.8237       0.9908      -0.0100       0.9995       0.4512      -0.8357       1.0000       0.0100       0.9816       0.9958      -0.8357       0.8237      -0.0100
log_c               1.0000      -0.0405       0.4602      -0.1813       0.0100       0.3220      -0.0884      -1.0000      -0.0210      -0.8477       0.3916       0.0100       1.0000      -0.1813      -0.0405       0.3916       0.3220      -1.0000
log_x              -0.1813       0.9871      -0.7907       1.0000       0.9816       0.7485       0.9914       0.1813       0.9870       0.6059      -0.8967       0.9816      -0.1813       1.0000       0.9871      -0.8967       0.7485       0.1813
log_h              -0.0405       1.0000      -0.7747       0.9871       0.9958       0.7686       0.9987       0.0405       0.9968       0.4723      -0.8809       0.9958      -0.0405       0.9871       1.0000      -0.8809       0.7686       0.0405
log_k_state         0.3916      -0.8809       0.9800      -0.8967      -0.8357      -0.3851      -0.9021      -0.3916      -0.8472      -0.6184       1.0000      -0.8357       0.3916      -0.8967      -0.8809       1.0000      -0.3851      -0.3916
log_prod            0.3220       0.7686      -0.1961       0.7485       0.8237       1.0000       0.7416      -0.3220       0.8142       0.2293      -0.3851       0.8237       0.3220       0.7485       0.7686      -0.3851       1.0000      -0.3220
log_p_hat          -1.0000       0.0405      -0.4602       0.1813      -0.0100      -0.3220       0.0884       1.0000       0.0210       0.8477      -0.3916      -0.0100      -1.0000       0.1813       0.0405      -0.3916      -0.3220       1.0000


AUTOCORRELATION OF SIMULATED VARIABLES (HP filter, lambda = 1600)
VARIABLE             1        2        3        4        5
c               0.0292  -0.2870  -0.0867  -0.1043   0.1344
h               0.4602   0.1472   0.3636   0.4800  -0.1824
k               0.9556   0.9361   0.9045   0.0757  -0.3941
x               0.4914   0.2367   0.4452   0.3604  -0.2516
y               0.3435  -0.0287   0.2995   0.5296  -0.1582
w              -0.1087  -0.6627   0.0971   0.6819  -0.1135
r               0.5234   0.2471   0.4113   0.4401  -0.2097
p_hat           0.0292  -0.2870  -0.0867  -0.1043   0.1344
z               0.3696   0.0130   0.3226   0.5080  -0.1757
g               0.0489  -0.0517   0.1662  -0.3955  -0.0033
k_state         0.9781   1.0386   0.9464   0.1069  -0.3672
log_y           0.3435  -0.0287   0.2995   0.5296  -0.1582
log_c           0.0292  -0.2870  -0.0867  -0.1043   0.1344
log_x           0.4914   0.2367   0.4452   0.3604  -0.2516
log_h           0.4602   0.1472   0.3636   0.4800  -0.1824
log_k_state     0.9781   1.0386   0.9464   0.1069  -0.3672
log_prod       -0.1087  -0.6627   0.0971   0.6819  -0.1135
log_p_hat       0.0292  -0.2870  -0.0867  -0.1043   0.1344



VARIANCE DECOMPOSITION SIMULATING ONE SHOCK AT A TIME (in percent) (HP filter, lambda = 1600)
                        epsilon                xi  Tot. lin. contr.
c                        229.77             67.46            297.24
h                        163.28              0.19            163.47
k                        363.38              0.40            363.78
x                        140.25              1.72            141.96
y                        205.21              0.07            205.28
w                        773.54              0.89            774.43
r                        146.83              0.04            146.86
p_hat                    229.77             67.46            297.24
z                        194.87              0.00            194.87
g                          0.00             79.15             79.15
k_state                  201.60              0.20            201.80
log_y                    205.21              0.07            205.28
log_c                    229.77             67.46            297.24
log_x                    140.25              1.72            141.96
log_h                    163.28              0.19            163.47
log_k_state              201.60              0.20            201.80
log_prod                 773.54              0.89            774.43
log_p_hat                229.77             67.46            297.24
Note: numbers do not add up to 100 due to non-zero correlation of simulated shocks in small samples

SUCCESS: Steady-state values exported to csv
Total computing time : 0h01m38s
Note: warning(s) encountered in MATLAB/Octave code
