Starting Dynare (version 6.5).
Calling Dynare with arguments: none
Preprocessing time: 0h00m00s.

STEADY-STATE RESULTS:

c           		 0.801359
h           		 0.290945
k           		 11.0528
x           		 0.27632
y           		 1.07768
w           		 2.3706
r           		 0.035101
p_hat       		 1.24788
z           		 1
k_state     		 11.0528
log_y       		 0.0748095
log_c       		 -0.221446
log_x       		 -1.2862
log_h       		 -1.23462
log_k_state 		 2.40268
log_prod    		 1.30943
log_p_hat   		 0.221446


Residuals of the static equations:
Equation number  1: 1           :       0.000000
Equation number  2: 2           :       0.000000
Equation number  3: 3           :       0.000000
Equation number  4: 4           :       0.000000
Equation number  5: w           :       0.000000
Equation number  6: r           :       0.000000
Equation number  7: y           :       0.000000
Equation number  8: x           :       0.000000
Equation number  9: 9           :       0.000000
Equation number 10: k_state     :       0.000000
Equation number 11: log_y       :       0.000000
Equation number 12: log_c       :       0.000000
Equation number 13: log_x       :       0.000000
Equation number 14: log_h       :       0.000000
Equation number 15: log_k_state :       0.000000
Equation number 16: log_prod    :       0.000000
Equation number 17: log_p_hat   :       0.000000



EIGENVALUES:
         Modulus             Real        Imaginary
          0.9418           0.9418                0
            0.95             0.95                0
           1.073            1.073                0
       8.379e+15        8.379e+15                0
       2.183e+31       -2.183e+31                0
             Inf             -Inf                0

There are 4 eigenvalue(s) larger than 1 in modulus for 4 forward-looking variable(s)
The rank condition is verified.


MODEL SUMMARY

  Number of variables:         17
  Number of stochastic shocks: 1
  Number of state variables:   2
  Number of jumpers:           4
  Number of static variables:  11


MATRIX OF COVARIANCE OF EXOGENOUS SHOCKS
Variables     epsilon
epsilon      0.000052

POLICY AND TRANSITION FUNCTIONS
                                       c               h               k               x               y               w               r           p_hat               z         k_state           log_y           log_c           log_x           log_h     log_k_state        log_prod       log_p_hat
Constant                        0.801352        0.290952       11.052821        0.276342        1.077695        2.370578        0.035102        1.247891        1.000000       11.052798        0.074824       -0.221455       -1.286114       -1.234597        2.402684        1.309421        0.221455
(correction)                   -0.000007        0.000007        0.000022        0.000022        0.000016       -0.000020               0        0.000010               0               0        0.000015       -0.000008        0.000081        0.000023               0       -0.000008        0.000008
k(-1)                           0.038542       -0.012547        0.941817       -0.033183        0.005358        0.114015       -0.003001       -0.060017               0        1.000000        0.004972        0.048095       -0.120090       -0.043123        0.090475        0.048095       -0.048095
z(-1)                           0.358016        0.406709        1.629922        1.629922        1.987938        1.059090        0.064749       -0.557504        0.950000               0        1.844648        0.446761        5.898676        1.397887               0        0.446761       -0.446761
epsilon                         0.376859        0.428114        1.715707        1.715707        2.092566        1.114832        0.068157       -0.586846        1.000000               0        1.941734        0.470274        6.209133        1.471460               0        0.470274       -0.470274
k(-1),k(-1)                    -0.000622        0.000642       -0.000072       -0.000072       -0.000694       -0.001840        0.000249        0.003855               0               0       -0.000657       -0.001933       -0.007473        0.001276       -0.004093       -0.001933        0.001933
z(-1),k(-1)                     0.007377       -0.007613        0.026035        0.026035        0.033413        0.021824       -0.004770        0.042138               0               0        0.021833       -0.012281        0.802596        0.034114               0       -0.012281        0.012281
z(-1),z(-1)                    -0.009058       -0.009831        0.633497        0.633497        0.624439       -0.026794        0.020339        0.263175       -0.023750               0       -1.121933       -0.111100      -15.104569       -1.010832               0       -0.111100        0.111100
epsilon,epsilon                 0.188311        0.214431        1.604939        1.604939        1.793250        0.557064        0.058408       -0.017259        0.500000               0       -0.221173        0.124410      -13.468400       -0.345583               0        0.124410       -0.124410
k(-1),epsilon                   0.007766       -0.008014        0.027406        0.027406        0.035171        0.022973       -0.005021        0.044356               0               0        0.022982       -0.012927        0.844837        0.035909               0       -0.012927        0.012927
z(-1),epsilon                   0.357790        0.407418        3.049384        3.049384        3.407174        1.058422        0.110975       -0.032793        0.950000               0       -0.420229        0.236379      -25.589960       -0.656608               0        0.236379       -0.236379


MOMENTS OF SIMULATED VARIABLES (HP filter, lambda = 1600)
VARIABLE                 MEAN       STD. DEV.        VARIANCE        SKEWNESS        KURTOSIS
c                    0.821992        0.002171        0.000005        0.694227       -0.301476
h                    0.289616        0.002581        0.000007        0.179584       -0.710924
k                   11.487198        0.019263        0.000371       -0.048868       -0.330881
x                    0.278449        0.010474        0.000110        0.225868       -0.718215
y                    1.100441        0.012490        0.000156        0.341792       -0.711405
w                    2.431634        0.006423        0.000041        0.694227       -0.301476
r                    0.034460        0.000411        0.000000        0.107252       -0.690166
p_hat                1.216629        0.003219        0.000010       -0.671552       -0.323441
z                    1.009659        0.005900        0.000035        0.330283       -0.715385
k_state             11.496152        0.020459        0.000419        0.179654       -0.209013
log_y                0.095539        0.011366        0.000129        0.341895       -0.715856
log_c               -0.196051        0.002644        0.000007        0.683254       -0.312527
log_x               -1.280088        0.037778        0.001427        0.226391       -0.719663
log_h               -1.239286        0.008921        0.000080        0.179146       -0.710395
log_k_state          2.441984        0.001778        0.000003        0.175058       -0.217514
log_prod             1.334824        0.002644        0.000007        0.683254       -0.312527
log_p_hat            0.196051        0.002644        0.000007       -0.683254       -0.312527


CORRELATION OF SIMULATED VARIABLES (HP filter, lambda = 1600)
VARIABLE                 c            h            k            x            y            w            r        p_hat            z      k_state        log_y        log_c        log_x        log_h  log_k_state     log_prod    log_p_hat
c                   1.0000       0.9029       0.5846       0.9140       0.9404       1.0000       0.8829      -0.9999       0.9385       0.0846       0.9422       1.0000       0.9191       0.9040       0.0853       1.0000      -1.0000
h                   0.9029       1.0000       0.1790       0.9996       0.9953       0.9029       0.9990      -0.9006       0.9958      -0.3520       0.9947       0.9018       0.9988       1.0000      -0.3513       0.9018      -0.9018
k                   0.5846       0.1790       1.0000       0.2053       0.2738       0.5846       0.1352      -0.5886       0.2685       0.8579       0.2791       0.5866       0.2183       0.1818       0.8582       0.5866      -0.5866
x                   0.9140       0.9996       0.2053       1.0000       0.9975       0.9140       0.9975      -0.9118       0.9979      -0.3268       0.9970       0.9130       0.9993       0.9996      -0.3261       0.9130      -0.9130
y                   0.9404       0.9953       0.2738       0.9975       1.0000       0.9404       0.9900      -0.9385       1.0000      -0.2594       0.9999       0.9395       0.9978       0.9954      -0.2587       0.9395      -0.9395
w                   1.0000       0.9029       0.5846       0.9140       0.9404       1.0000       0.8829      -0.9999       0.9385       0.0846       0.9422       1.0000       0.9191       0.9040       0.0853       1.0000      -1.0000
r                   0.8829       0.9990       0.1352       0.9975       0.9900       0.8829       1.0000      -0.8804       0.9907      -0.3932       0.9891       0.8817       0.9959       0.9988      -0.3925       0.8817      -0.8817
p_hat              -0.9999      -0.9006      -0.5886      -0.9118      -0.9385      -0.9999      -0.8804       1.0000      -0.9367      -0.0896      -0.9405      -1.0000      -0.9173      -0.9019      -0.0904      -1.0000       1.0000
z                   0.9385       0.9958       0.2685       0.9979       1.0000       0.9385       0.9907      -0.9367       1.0000      -0.2647       0.9999       0.9376       0.9983       0.9960      -0.2640       0.9376      -0.9376
k_state             0.0846      -0.3520       0.8579      -0.3268      -0.2594       0.0846      -0.3932      -0.0896      -0.2647       1.0000      -0.2540       0.0870      -0.3139      -0.3494       1.0000       0.0870      -0.0870
log_y               0.9422       0.9947       0.2791       0.9970       0.9999       0.9422       0.9891      -0.9405       0.9999      -0.2540       1.0000       0.9414       0.9978       0.9950      -0.2532       0.9414      -0.9414
log_c               1.0000       0.9018       0.5866       0.9130       0.9395       1.0000       0.8817      -1.0000       0.9376       0.0870       0.9414       1.0000       0.9183       0.9030       0.0878       1.0000      -1.0000
log_x               0.9191       0.9988       0.2183       0.9993       0.9978       0.9191       0.9959      -0.9173       0.9983      -0.3139       0.9978       0.9183       1.0000       0.9991      -0.3131       0.9183      -0.9183
log_h               0.9040       1.0000       0.1818       0.9996       0.9954       0.9040       0.9988      -0.9019       0.9960      -0.3494       0.9950       0.9030       0.9991       1.0000      -0.3487       0.9030      -0.9030
log_k_state         0.0853      -0.3513       0.8582      -0.3261      -0.2587       0.0853      -0.3925      -0.0904      -0.2640       1.0000      -0.2532       0.0878      -0.3131      -0.3487       1.0000       0.0878      -0.0878
log_prod            1.0000       0.9018       0.5866       0.9130       0.9395       1.0000       0.8817      -1.0000       0.9376       0.0870       0.9414       1.0000       0.9183       0.9030       0.0878       1.0000      -1.0000
log_p_hat          -1.0000      -0.9018      -0.5866      -0.9130      -0.9395      -1.0000      -0.8817       1.0000      -0.9376      -0.0870      -0.9414      -1.0000      -0.9183      -0.9030      -0.0878      -1.0000       1.0000


AUTOCORRELATION OF SIMULATED VARIABLES (HP filter, lambda = 1600)
VARIABLE             1        2        3        4        5
c              -0.0451  -0.1732  -0.4101  -0.0642  -0.1912
h              -0.0125  -0.0820  -0.3995  -0.0431  -0.1727
k               0.7729   0.4286   0.0647  -0.2439  -0.5115
x              -0.0216  -0.0890  -0.4063  -0.0401  -0.1668
y              -0.0383  -0.1114  -0.4157  -0.0408  -0.1629
w              -0.0451  -0.1732  -0.4101  -0.0642  -0.1912
r               0.0005  -0.0658  -0.3908  -0.0426  -0.1762
p_hat          -0.0437  -0.1794  -0.4049  -0.0660  -0.1945
z              -0.0360  -0.1114  -0.4135  -0.0426  -0.1656
k_state         0.8228   0.5697   0.1529  -0.2350  -0.5233
log_y          -0.0365  -0.1168  -0.4130  -0.0458  -0.1689
log_c          -0.0444  -0.1762  -0.4076  -0.0651  -0.1928
log_x          -0.0156  -0.1016  -0.4011  -0.0556  -0.1846
log_h          -0.0110  -0.0845  -0.3986  -0.0467  -0.1768
log_k_state     0.8235   0.5714   0.1546  -0.2346  -0.5227
log_prod       -0.0444  -0.1762  -0.4076  -0.0651  -0.1928
log_p_hat      -0.0444  -0.1762  -0.4076  -0.0651  -0.1928
Total computing time : 0h00m03s
Note: warning(s) encountered in MATLAB/Octave code
